# relative_time, cycles_done, cur_item, corpus_count, pending_total, pending_favs, map_size, saved_crashes, saved_hangs, max_depth, execs_per_sec, total_execs, edges_found
61, 0, 34, 307, 301, 41, 11.62%, 0, 0, 2, 934.50, 57568, 5091
66, 0, 34, 317, 311, 41, 11.63%, 1, 0, 2, 915.26, 62174, 5095
71, 0, 34, 319, 313, 41, 11.64%, 1, 0, 2, 936.00, 67084, 5097
76, 0, 34, 325, 319, 41, 11.64%, 2, 0, 2, 919.27, 71567, 5097
81, 0, 34, 325, 319, 41, 11.64%, 2, 0, 2, 939.27, 76481, 5097
86, 0, 34, 325, 319, 41, 11.64%, 2, 0, 2, 953.09, 81534, 5097
91, 0, 178, 326, 318, 113, 11.64%, 2, 0, 2, 957.60, 86313, 5097
97, 0, 269, 330, 321, 113, 11.66%, 2, 0, 3, 738.98, 90013, 5106
102, 0, 330, 331, 320, 113, 11.66%, 2, 0, 4, 702.36, 93495, 5107
107, 0, 156, 343, 331, 112, 11.67%, 2, 0, 4, 877.15, 98149, 5111
112, 0, 156, 349, 337, 112, 11.68%, 2, 0, 4, 900.43, 102577, 5116
117, 0, 156, 353, 341, 112, 11.68%, 2, 0, 4, 937.59, 107317, 5117
122, 0, 156, 353, 341, 112, 11.68%, 2, 0, 4, 919.22, 112393, 5117
127, 0, 156, 353, 341, 112, 11.68%, 2, 0, 4, 932.83, 117271, 5117
132, 0, 156, 354, 342, 112, 11.68%, 2, 0, 4, 857.98, 121683, 5117
137, 0, 45, 379, 366, 114, 11.71%, 2, 0, 4, 902.09, 126215, 5127
142, 0, 45, 383, 370, 114, 11.71%, 2, 0, 4, 772.79, 130014, 5129
148, 0, 45, 393, 380, 114, 11.72%, 2, 0, 4, 888.50, 134629, 5131
153, 0, 45, 395, 382, 114, 11.72%, 2, 0, 4, 876.78, 139663, 5132
158, 0, 45, 397, 384, 114, 11.72%, 2, 0, 4, 873.09, 143859, 5133
163, 0, 45, 402, 389, 114, 11.72%, 2, 0, 4, 870.57, 148183, 5134
168, 0, 45, 405, 392, 114, 11.72%, 2, 0, 4, 866.27, 152403, 5135
173, 0, 45, 407, 394, 114, 11.73%, 2, 0, 4, 863.94, 156752, 5136
178, 0, 45, 411, 398, 114, 11.73%, 2, 0, 4, 838.50, 161040, 5136
183, 0, 45, 412, 399, 114, 11.73%, 2, 0, 4, 838.28, 165751, 5137
188, 0, 45, 414, 401, 114, 11.73%, 2, 0, 4, 857.26, 169995, 5139
193, 0, 45, 414, 401, 114, 11.73%, 2, 0, 4, 887.78, 174364, 5139
198, 0, 45, 414, 401, 114, 11.73%, 2, 0, 4, 901.63, 179041, 5139
203, 0, 73, 414, 399, 132, 11.73%, 2, 0, 4, 857.23, 183258, 5139
209, 0, 257, 414, 396, 129, 11.73%, 2, 0, 4, 864.97, 187875, 5139
214, 0, 81, 422, 401, 130, 11.78%, 2, 0, 4, 890.55, 192424, 5157
219, 0, 287, 422, 400, 129, 11.78%, 2, 0, 4, 783.41, 196403, 5157
224, 0, 282, 437, 413, 127, 11.78%, 2, 0, 4, 754.12, 200183, 5160
229, 0, 282, 453, 429, 127, 11.79%, 2, 0, 4, 817.04, 204209, 5162
234, 0, 282, 461, 437, 127, 11.79%, 2, 0, 4, 845.54, 208574, 5163
239, 0, 282, 470, 446, 127, 11.79%, 2, 0, 4, 843.51, 212652, 5164
244, 0, 282, 479, 455, 127, 11.80%, 2, 0, 4, 726.13, 217218, 5166
249, 0, 282, 482, 458, 127, 11.80%, 2, 0, 4, 814.87, 221205, 5166
254, 0, 282, 489, 465, 127, 11.81%, 2, 0, 4, 845.18, 225467, 5171
259, 0, 282, 490, 466, 127, 11.82%, 2, 0, 4, 857.75, 229788, 5177
265, 0, 282, 493, 469, 127, 11.82%, 2, 0, 4, 852.39, 233895, 5178
270, 0, 282, 493, 469, 127, 11.82%, 2, 0, 4, 938.64, 238883, 5178
275, 0, 365, 493, 468, 136, 11.82%, 2, 0, 4, 921.38, 243321, 5178
280, 0, 26, 498, 470, 133, 11.84%, 2, 0, 4, 817.69, 247860, 5184
285, 0, 26, 515, 487, 133, 11.87%, 2, 0, 4, 818.51, 251846, 5197
290, 0, 26, 523, 495, 133, 11.88%, 2, 0, 4, 879.79, 256443, 5203
295, 0, 26, 525, 497, 133, 11.91%, 2, 0, 4, 838.05, 260673, 5214
300, 0, 26, 530, 502, 133, 11.91%, 2, 0, 4, 874.73, 265218, 5215
305, 0, 26, 531, 503, 133, 11.91%, 2, 0, 4, 878.11, 269662, 5215
311, 0, 26, 532, 504, 133, 11.91%, 2, 0, 4, 897.97, 274548, 5215
316, 0, 26, 533, 505, 133, 11.91%, 2, 0, 4, 900.48, 279057, 5215
321, 0, 26, 536, 508, 133, 11.91%, 2, 0, 4, 849.16, 283326, 5216
326, 0, 26, 536, 508, 133, 11.91%, 2, 0, 4, 873.74, 287734, 5216
331, 0, 26, 536, 508, 133, 11.91%, 2, 0, 4, 897.58, 292066, 5216
336, 0, 26, 536, 508, 133, 11.91%, 2, 0, 4, 838.37, 296286, 5216
341, 0, 386, 536, 507, 142, 11.91%, 2, 0, 4, 841.01, 300408, 5216
346, 0, 373, 536, 505, 140, 11.91%, 2, 0, 4, 932.61, 305330, 5216
351, 0, 165, 536, 502, 137, 11.91%, 2, 0, 4, 160.82, 310009, 5216
356, 0, 66, 536, 499, 134, 11.91%, 2, 0, 4, 952.66, 314966, 5216
362, 0, 160, 537, 497, 132, 11.91%, 2, 0, 4, 943.22, 319797, 5216
367, 0, 489, 538, 496, 130, 11.91%, 2, 0, 4, 964.59, 324493, 5216
372, 0, 413, 539, 495, 129, 11.91%, 2, 0, 4, 954.91, 329305, 5218
377, 0, 301, 540, 494, 127, 11.91%, 2, 0, 4, 859.59, 333824, 5218
382, 0, 158, 541, 492, 124, 11.91%, 2, 0, 4, 890.15, 338605, 5218
387, 0, 306, 542, 491, 122, 11.92%, 3, 0, 4, 883.33, 342897, 5219
392, 0, 499, 542, 489, 120, 11.92%, 3, 0, 4, 947.96, 347928, 5219
397, 0, 349, 544, 488, 117, 11.92%, 3, 0, 4, 969.17, 352589, 5219
403, 0, 542, 544, 486, 116, 11.92%, 3, 0, 4, 965.56, 357584, 5219
408, 0, 314, 545, 485, 114, 11.92%, 3, 0, 4, 886.35, 361961, 5219
413, 0, 55, 546, 484, 112, 11.92%, 3, 0, 4, 898.68, 366322, 5220
418, 0, 118, 546, 482, 111, 11.92%, 3, 0, 4, 900.70, 370771, 5220
423, 0, 400, 547, 480, 108, 11.92%, 3, 0, 4, 944.48, 375796, 5220
428, 0, 382, 549, 480, 107, 11.92%, 3, 0, 4, 913.20, 380423, 5222
433, 0, 521, 557, 487, 106, 11.92%, 3, 0, 4, 915.21, 385078, 5222
438, 0, 521, 558, 488, 106, 11.92%, 3, 0, 4, 909.86, 389675, 5222
443, 0, 521, 561, 491, 106, 11.92%, 3, 0, 4, 887.14, 394417, 5222
449, 0, 521, 561, 491, 106, 11.92%, 3, 0, 4, 938.67, 399315, 5222
454, 0, 521, 561, 491, 106, 11.92%, 3, 0, 4, 895.92, 403613, 5222
459, 0, 521, 561, 491, 106, 11.92%, 3, 0, 4, 912.12, 408154, 5222
464, 0, 374, 561, 488, 103, 11.92%, 3, 0, 4, 909.41, 412685, 5222
469, 0, 346, 564, 489, 101, 11.92%, 3, 0, 4, 923.11, 417337, 5222
474, 0, 142, 564, 487, 100, 11.92%, 3, 0, 4, 965.60, 422433, 5222
479, 0, 381, 564, 484, 97, 11.92%, 3, 0, 4, 904.83, 427122, 5222
484, 0, 376, 566, 484, 96, 11.93%, 3, 0, 4, 882.12, 431469, 5223
489, 0, 112, 566, 481, 94, 11.93%, 3, 0, 4, 933.29, 436200, 5223
494, 0, 148, 566, 479, 92, 11.93%, 3, 0, 4, 949.61, 441048, 5223
499, 0, 440, 566, 476, 89, 11.93%, 3, 0, 4, 959.43, 445899, 5223
505, 0, 44, 566, 474, 87, 11.93%, 3, 0, 4, 915.49, 450417, 5223
510, 0, 505, 573, 480, 86, 11.93%, 3, 0, 4, 779.04, 454460, 5226
515, 0, 505, 574, 481, 86, 11.94%, 3, 0, 4, 709.78, 457979, 5229
520, 0, 505, 575, 482, 86, 11.94%, 3, 0, 4, 738.39, 461622, 5229
525, 0, 505, 575, 482, 86, 11.94%, 3, 0, 4, 755.31, 465424, 5229
530, 0, 505, 575, 482, 86, 11.94%, 3, 0, 4, 763.81, 469339, 5229
535, 0, 435, 575, 481, 89, 11.94%, 3, 0, 4, 818.60, 473316, 5229
540, 0, 414, 575, 479, 88, 11.94%, 3, 0, 4, 870.94, 478201, 5229
545, 0, 518, 575, 477, 86, 11.94%, 3, 0, 4, 856.53, 482380, 5229
550, 0, 540, 577, 477, 84, 11.94%, 3, 0, 4, 903.10, 487110, 5229
555, 0, 5, 582, 480, 83, 11.95%, 3, 0, 4, 857.46, 491291, 5234
560, 0, 5, 589, 487, 83, 11.98%, 3, 0, 4, 752.17, 495014, 5247
565, 0, 5, 597, 495, 83, 11.99%, 3, 0, 4, 845.10, 499421, 5252
571, 0, 5, 598, 496, 83, 11.99%, 3, 0, 4, 935.94, 504268, 5252
576, 0, 5, 598, 496, 83, 11.99%, 3, 0, 4, 931.35, 509038, 5252
581, 0, 434, 598, 495, 87, 11.99%, 3, 0, 4, 862.38, 513310, 5252
586, 0, 388, 598, 492, 84, 11.99%, 3, 0, 4, 924.89, 518152, 5252
591, 0, 420, 602, 494, 85, 12.00%, 3, 0, 4, 945.22, 522765, 5257
596, 0, 417, 602, 491, 82, 12.00%, 3, 0, 4, 949.37, 527707, 5257
601, 0, 10, 603, 490, 81, 12.00%, 3, 0, 4, 776.36, 532519, 5257
607, 0, 548, 607, 492, 79, 12.02%, 3, 0, 5, 917.37, 537466, 5264
612, 0, 548, 607, 492, 79, 12.02%, 4, 0, 5, 982.15, 542087, 5264
617, 0, 76, 607, 489, 80, 12.02%, 4, 0, 5, 934.44, 546765, 5264
622, 0, 570, 607, 488, 79, 12.02%, 4, 0, 5, 869.87, 551053, 5264
627, 0, 606, 607, 487, 78, 12.02%, 4, 0, 5, 889.60, 555403, 5264
632, 0, 541, 608, 486, 76, 12.02%, 4, 0, 5, 50.36, 560003, 5265
637, 0, 129, 608, 483, 74, 12.02%, 4, 0, 5, 891.40, 564825, 5265
642, 0, 120, 608, 481, 72, 12.02%, 4, 0, 5, 953.18, 569802, 5265
647, 0, 43, 609, 480, 70, 12.02%, 4, 0, 5, 873.42, 574067, 5265
653, 0, 569, 610, 479, 69, 12.03%, 4, 0, 5, 871.39, 578455, 5267
658, 0, 562, 611, 479, 68, 12.03%, 4, 0, 5, 863.57, 582730, 5267
663, 0, 575, 611, 477, 66, 12.03%, 4, 0, 5, 942.57, 587558, 5267
668, 0, 588, 612, 476, 64, 12.03%, 4, 0, 5, 912.64, 592656, 5269
673, 0, 503, 613, 475, 63, 12.03%, 4, 0, 5, 863.47, 597060, 5269
678, 0, 600, 613, 474, 62, 12.03%, 5, 0, 5, 866.45, 601494, 5269
683, 0, 599, 613, 471, 59, 12.03%, 5, 0, 5, 935.88, 606295, 5269
688, 0, 571, 614, 471, 58, 12.03%, 5, 0, 5, 811.45, 610316, 5269
693, 0, 101, 614, 468, 56, 12.03%, 5, 0, 5, 878.17, 614700, 5269
698, 0, 614, 643, 495, 55, 12.75%, 5, 0, 5, 769.82, 619368, 5582
703, 0, 614, 654, 506, 55, 12.75%, 5, 0, 5, 779.61, 623232, 5582
709, 0, 614, 660, 512, 55, 12.75%, 5, 0, 5, 778.37, 627159, 5584
714, 0, 614, 661, 513, 55, 12.75%, 5, 0, 5, 752.96, 630826, 5584
719, 0, 614, 662, 514, 55, 12.75%, 5, 0, 5, 781.59, 634793, 5584
724, 0, 614, 663, 515, 55, 12.75%, 5, 0, 5, 778.50, 638715, 5584
729, 0, 614, 664, 516, 55, 12.75%, 5, 0, 5, 782.57, 642952, 5584
734, 0, 614, 665, 517, 55, 12.75%, 5, 0, 5, 781.60, 646894, 5584
739, 0, 614, 665, 517, 55, 12.75%, 5, 0, 5, 743.24, 650634, 5584
744, 0, 614, 665, 517, 55, 12.75%, 5, 0, 5, 779.11, 654709, 5584
749, 0, 614, 665, 517, 55, 12.75%, 5, 0, 5, 785.54, 658804, 5584
754, 0, 614, 666, 518, 55, 12.75%, 5, 0, 5, 760.69, 662441, 5586
760, 0, 614, 666, 518, 55, 12.75%, 5, 0, 5, 783.17, 666566, 5586
759, 0, 614, 666, 518, 55, 12.75%, 5, 0, 5, 0.00, 666611, 5586
764, 0, 614, 667, 519, 55, 12.75%, 5, 0, 5, 597.01, 670130, 5586
769, 0, 614, 667, 519, 55, 12.75%, 5, 0, 5, 695.59, 673959, 5586
774, 0, 614, 667, 519, 55, 12.75%, 5, 0, 5, 665.52, 677287, 5586
780, 0, 614, 667, 519, 55, 12.75%, 5, 0, 5, 673.21, 680576, 5586
785, 0, 614, 667, 519, 55, 12.75%, 5, 0, 5, 678.96, 683943, 5586
790, 0, 620, 667, 518, 62, 12.75%, 5, 0, 5, 721.75, 687559, 5586
795, 0, 447, 668, 517, 60, 12.76%, 5, 0, 5, 771.55, 691805, 5587
800, 0, 3, 668, 514, 58, 12.76%, 5, 0, 5, 915.50, 696765, 5587
805, 0, 180, 668, 512, 56, 12.76%, 5, 0, 5, 953.32, 701215, 5587
810, 0, 652, 668, 510, 54, 12.76%, 5, 0, 5, 897.65, 705888, 5587
815, 0, 598, 668, 509, 53, 12.76%, 6, 0, 5, 855.33, 710165, 5587
820, 0, 78, 668, 507, 51, 12.76%, 6, 0, 5, 944.69, 714986, 5587
825, 0, 609, 678, 516, 50, 12.78%, 6, 0, 5, 777.76, 719339, 5597
830, 0, 627, 678, 515, 58, 12.78%, 6, 0, 5, 899.95, 723936, 5597
836, 0, 613, 682, 518, 57, 12.78%, 6, 0, 5, 794.99, 727820, 5598
841, 0, 613, 682, 518, 57, 12.78%, 6, 0, 5, 764.74, 731495, 5598
846, 0, 638, 684, 519, 57, 12.80%, 6, 0, 5, 763.69, 735379, 5606
851, 0, 639, 684, 518, 57, 12.80%, 6, 0, 5, 698.59, 738887, 5606
856, 0, 437, 684, 517, 56, 12.80%, 6, 0, 5, 735.75, 742768, 5606
861, 0, 667, 685, 517, 55, 12.85%, 6, 0, 6, 786.30, 746956, 5627
866, 0, 665, 689, 520, 54, 12.85%, 6, 0, 6, 738.56, 750628, 5627
871, 0, 665, 689, 520, 54, 12.85%, 6, 0, 6, 665.13, 753932, 5627
876, 0, 63, 691, 520, 53, 12.85%, 6, 0, 6, 712.52, 757492, 5627
881, 0, 683, 697, 525, 52, 12.86%, 6, 0, 6, 792.95, 761621, 5634
886, 0, 683, 709, 537, 52, 12.86%, 6, 0, 6, 857.99, 766242, 5634
891, 0, 683, 711, 539, 52, 12.86%, 6, 0, 6, 799.96, 770164, 5634
896, 0, 683, 713, 541, 52, 12.87%, 6, 0, 6, 869.05, 774646, 5635
902, 0, 683, 713, 541, 52, 12.87%, 6, 0, 6, 882.67, 779134, 5635
907, 0, 683, 713, 541, 52, 12.87%, 6, 0, 6, 876.09, 783372, 5635
912, 0, 15, 713, 539, 51, 12.87%, 6, 0, 6, 842.71, 787751, 5635
917, 0, 670, 713, 537, 50, 12.87%, 6, 0, 6, 691.45, 791609, 5635
922, 0, 56, 722, 544, 48, 12.88%, 6, 0, 6, 776.17, 796059, 5643
927, 0, 56, 740, 562, 48, 12.90%, 6, 0, 6, 720.18, 799623, 5648
932, 0, 56, 745, 567, 48, 12.90%, 6, 0, 6, 837.77, 803643, 5649
937, 0, 56, 752, 574, 48, 12.90%, 6, 0, 6, 850.10, 807916, 5649
942, 0, 56, 755, 577, 48, 12.90%, 6, 0, 6, 839.79, 811867, 5649
947, 0, 56, 757, 579, 48, 12.90%, 6, 0, 6, 865.70, 816279, 5650
952, 0, 56, 759, 581, 48, 12.90%, 6, 0, 6, 808.98, 820845, 5650
958, 0, 56, 763, 585, 48, 12.90%, 6, 0, 6, 856.67, 825263, 5650
963, 0, 56, 765, 587, 48, 12.90%, 6, 0, 6, 861.76, 829612, 5650
968, 0, 56, 768, 590, 48, 12.90%, 6, 0, 6, 809.39, 833553, 5650
973, 0, 56, 769, 591, 48, 12.90%, 6, 0, 6, 865.73, 837963, 5651
978, 0, 56, 771, 593, 48, 12.90%, 6, 0, 6, 854.17, 842139, 5651
983, 0, 56, 771, 593, 48, 12.90%, 6, 0, 6, 931.93, 847431, 5651
988, 0, 57, 773, 594, 60, 12.92%, 6, 0, 6, 865.24, 851827, 5658
993, 0, 57, 782, 603, 60, 12.93%, 6, 0, 6, 844.24, 856066, 5664
998, 0, 57, 786, 607, 60, 12.94%, 6, 0, 6, 798.60, 860003, 5669
1003, 0, 57, 786, 607, 60, 12.94%, 6, 0, 6, 902.99, 864763, 5669
1008, 0, 57, 786, 607, 60, 12.94%, 6, 0, 6, 924.56, 869589, 5669
1014, 0, 775, 787, 607, 63, 12.94%, 6, 0, 6, 924.07, 874752, 5669
1019, 0, 38, 787, 604, 60, 12.94%, 6, 0, 6, 931.60, 879501, 5669
1024, 0, 411, 787, 602, 59, 12.94%, 6, 0, 6, 850.32, 883559, 5669
1029, 0, 725, 787, 601, 58, 12.94%, 6, 0, 6, 886.01, 888096, 5669
1034, 0, 616, 787, 600, 57, 12.94%, 6, 0, 6, 717.77, 891363, 5669
1039, 0, 672, 787, 598, 56, 12.94%, 6, 0, 6, 815.21, 895718, 5669
1044, 0, 204, 787, 595, 53, 12.94%, 6, 0, 6, 961.16, 900968, 5669
1049, 0, 674, 787, 594, 52, 12.94%, 6, 0, 6, 884.02, 905218, 5669
1054, 0, 713, 787, 591, 51, 12.94%, 6, 0, 6, 830.90, 909349, 5669
1060, 0, 718, 787, 589, 49, 12.94%, 6, 0, 6, 891.33, 913826, 5669
1065, 0, 706, 787, 587, 47, 12.94%, 6, 0, 6, 912.73, 918587, 5669
1070, 0, 478, 787, 585, 47, 12.94%, 6, 0, 6, 877.84, 922902, 5669
1075, 0, 783, 790, 587, 47, 12.95%, 6, 0, 6, 887.88, 927380, 5671
1075, 0, 783, 790, 587, 47, 12.95%, 6, 0, 6, 0.00, 927935, 5671
1080, 0, 781, 797, 592, 46, 12.96%, 6, 0, 6, 773.66, 931663, 5677
1085, 0, 781, 802, 597, 46, 12.96%, 6, 0, 6, 737.49, 935275, 5678
1090, 0, 781, 807, 602, 46, 12.98%, 6, 0, 6, 722.79, 938899, 5684
1095, 0, 781, 809, 604, 46, 12.98%, 6, 0, 6, 775.00, 942447, 5684
1100, 0, 781, 809, 604, 46, 12.98%, 6, 0, 6, 870.34, 946913, 5684
1105, 0, 781, 809, 604, 46, 12.98%, 6, 0, 6, 860.97, 951151, 5684
1110, 0, 764, 810, 603, 48, 12.98%, 6, 0, 6, 909.96, 955967, 5684
1115, 0, 798, 812, 603, 46, 12.98%, 6, 0, 6, 848.59, 960190, 5684
1120, 0, 811, 819, 609, 46, 12.98%, 6, 0, 6, 786.03, 964133, 5684
1125, 0, 811, 825, 615, 46, 12.98%, 6, 0, 6, 757.03, 967930, 5685
1131, 0, 811, 826, 616, 46, 12.98%, 6, 0, 6, 752.71, 971676, 5685
1136, 0, 811, 829, 619, 46, 12.98%, 6, 0, 6, 867.04, 976042, 5685
1141, 0, 811, 829, 619, 46, 12.98%, 6, 0, 6, 865.91, 980377, 5685
1146, 0, 811, 829, 619, 46, 12.98%, 6, 0, 6, 927.38, 985465, 5685
1151, 0, 825, 829, 618, 47, 12.98%, 6, 0, 6, 866.05, 989838, 5685
1156, 0, 680, 835, 622, 46, 12.98%, 6, 0, 6, 753.35, 993430, 5685
1161, 0, 680, 836, 623, 46, 12.98%, 6, 0, 6, 763.10, 997337, 5686
1166, 0, 680, 838, 625, 46, 12.99%, 6, 0, 6, 761.75, 1001031, 5687
1171, 0, 680, 839, 626, 46, 12.99%, 6, 0, 6, 804.68, 1005065, 5687
1176, 0, 680, 839, 626, 46, 12.99%, 6, 0, 6, 741.00, 1009333, 5687
1181, 0, 680, 839, 626, 46, 12.99%, 6, 0, 6, 705.96, 1012847, 5687
1186, 0, 680, 839, 626, 46, 12.99%, 6, 0, 6, 660.65, 1016115, 5687
1191, 0, 680, 839, 626, 46, 12.99%, 6, 0, 6, 744.32, 1019799, 5687
1195, 0, 823, 839, 625, 47, 12.99%, 6, 0, 6, 718.21, 1021984, 5687
