# relative_time, cycles_done, cur_item, corpus_count, pending_total, pending_favs, map_size, saved_crashes, saved_hangs, max_depth, execs_per_sec, total_execs, edges_found
61, 0, 33, 231, 224, 41, 11.46%, 0, 0, 2, 980.23, 59833, 5018
66, 0, 33, 236, 229, 41, 11.47%, 0, 0, 2, 969.28, 64509, 5024
71, 0, 33, 238, 231, 41, 11.48%, 0, 0, 2, 971.64, 69401, 5026
76, 0, 33, 238, 231, 41, 11.48%, 0, 0, 2, 942.29, 73998, 5026
75, 0, 33, 238, 231, 41, 11.48%, 0, 0, 2, 0.00, 74124, 5026
81, 0, 33, 238, 231, 41, 11.48%, 0, 0, 2, 962.79, 79072, 5026
86, 0, 175, 241, 233, 109, 11.48%, 0, 0, 3, 963.77, 83632, 5027
91, 0, 6, 285, 276, 109, 11.56%, 0, 0, 3, 881.75, 87981, 5063
96, 0, 6, 301, 292, 109, 11.57%, 0, 0, 3, 859.30, 92127, 5067
101, 0, 6, 307, 298, 109, 11.57%, 0, 0, 3, 843.06, 96328, 5067
106, 0, 6, 313, 304, 109, 11.59%, 0, 0, 3, 814.99, 100369, 5074
111, 0, 6, 316, 307, 109, 11.59%, 0, 0, 3, 840.66, 105547, 5078
116, 0, 6, 320, 311, 109, 11.60%, 0, 0, 3, 841.82, 109937, 5079
121, 0, 6, 325, 316, 109, 11.60%, 0, 0, 3, 797.75, 113708, 5081
126, 0, 6, 327, 318, 109, 11.60%, 0, 0, 3, 832.74, 117915, 5081
131, 0, 6, 329, 320, 109, 11.61%, 0, 0, 3, 826.55, 121982, 5085
136, 0, 6, 331, 322, 109, 11.61%, 0, 0, 3, 835.90, 126150, 5085
142, 0, 6, 334, 325, 109, 11.61%, 0, 0, 3, 824.65, 130725, 5086
147, 0, 6, 335, 326, 109, 11.62%, 0, 0, 3, 837.03, 135073, 5088
152, 0, 6, 335, 326, 109, 11.62%, 0, 0, 3, 816.67, 139249, 5088
157, 0, 6, 336, 327, 109, 11.63%, 0, 0, 3, 817.23, 143293, 5093
162, 0, 6, 336, 327, 109, 11.63%, 0, 0, 3, 932.35, 148221, 5093
167, 0, 6, 336, 327, 109, 11.63%, 0, 0, 3, 942.01, 152955, 5093
173, 0, 306, 336, 326, 137, 11.63%, 0, 0, 3, 959.58, 158615, 5093
178, 0, 44, 355, 343, 136, 11.65%, 1, 0, 3, 951.94, 163214, 5103
183, 0, 44, 357, 345, 136, 11.66%, 1, 0, 3, 968.38, 168266, 5106
188, 0, 353, 357, 344, 144, 11.66%, 1, 0, 3, 957.89, 172887, 5106
193, 0, 216, 365, 350, 142, 11.67%, 1, 0, 3, 976.78, 177974, 5109
198, 0, 216, 367, 352, 142, 11.67%, 1, 0, 3, 962.45, 182688, 5109
203, 0, 216, 371, 356, 142, 11.68%, 1, 0, 3, 996.71, 188378, 5114
208, 0, 216, 372, 357, 142, 11.68%, 1, 0, 3, 976.86, 193154, 5114
213, 0, 216, 375, 360, 142, 11.69%, 1, 0, 3, 958.13, 198020, 5119
218, 0, 216, 377, 362, 142, 11.69%, 1, 0, 3, 958.08, 202656, 5119
223, 0, 216, 378, 363, 142, 11.69%, 1, 0, 3, 957.88, 207508, 5119
229, 0, 216, 380, 365, 142, 11.69%, 2, 0, 3, 995.42, 212296, 5120
234, 0, 216, 381, 366, 142, 11.69%, 2, 0, 3, 968.22, 217186, 5120
233, 0, 216, 381, 366, 142, 11.69%, 2, 0, 3, 0.00, 217509, 5120
238, 0, 216, 383, 368, 142, 11.69%, 2, 0, 3, 914.02, 221954, 5120
243, 0, 216, 383, 368, 142, 11.69%, 2, 0, 3, 957.31, 226795, 5120
248, 0, 216, 383, 368, 142, 11.69%, 3, 0, 3, 933.95, 231412, 5120
253, 0, 216, 383, 368, 142, 11.69%, 3, 0, 3, 951.56, 236214, 5120
258, 0, 216, 383, 368, 142, 11.69%, 3, 0, 3, 944.06, 240830, 5120
264, 0, 112, 383, 365, 142, 11.69%, 3, 0, 3, 967.25, 245843, 5120
269, 0, 344, 386, 366, 141, 11.69%, 4, 0, 3, 967.03, 251210, 5121
274, 0, 142, 386, 364, 139, 11.69%, 4, 0, 3, 975.18, 256128, 5121
279, 0, 25, 393, 369, 137, 11.70%, 4, 0, 3, 846.36, 260323, 5123
284, 0, 25, 398, 374, 137, 11.70%, 4, 0, 3, 828.63, 264534, 5126
289, 0, 25, 401, 377, 137, 11.71%, 4, 0, 3, 814.84, 268635, 5127
294, 0, 25, 403, 379, 137, 11.71%, 4, 0, 3, 776.39, 272447, 5128
299, 0, 25, 405, 381, 137, 11.71%, 4, 0, 3, 786.22, 276996, 5128
304, 0, 25, 407, 383, 137, 11.71%, 4, 0, 3, 791.83, 280880, 5128
309, 0, 25, 408, 384, 137, 11.71%, 4, 0, 3, 821.67, 285062, 5128
314, 0, 25, 408, 384, 137, 11.71%, 4, 0, 3, 823.52, 289238, 5128
319, 0, 25, 409, 385, 137, 11.71%, 4, 0, 3, 811.90, 293138, 5128
324, 0, 25, 410, 386, 137, 11.71%, 4, 0, 3, 789.33, 297136, 5128
329, 0, 25, 410, 386, 137, 11.71%, 4, 0, 3, 971.39, 302611, 5128
334, 0, 25, 410, 386, 137, 11.71%, 4, 0, 3, 988.25, 307602, 5128
339, 0, 350, 410, 385, 139, 11.71%, 4, 0, 3, 957.64, 312270, 5128
344, 0, 272, 412, 384, 136, 11.71%, 4, 0, 3, 964.79, 317144, 5128
350, 0, 31, 413, 382, 133, 11.71%, 4, 0, 3, 943.76, 321769, 5128
355, 0, 283, 413, 380, 131, 11.71%, 4, 0, 3, 966.22, 326659, 5128
360, 0, 412, 417, 382, 129, 11.72%, 4, 0, 4, 940.82, 331404, 5131
359, 0, 412, 417, 382, 129, 11.72%, 4, 0, 4, 0.00, 331683, 5131
364, 0, 19, 417, 380, 129, 11.72%, 4, 0, 4, 963.57, 336532, 5131
369, 0, 396, 417, 377, 126, 11.72%, 4, 0, 4, 954.42, 341245, 5131
374, 0, 155, 417, 374, 123, 11.72%, 4, 0, 4, 976.90, 346339, 5131
380, 0, 70, 419, 374, 121, 11.72%, 4, 0, 5, 990.98, 351043, 5131
385, 0, 377, 427, 380, 119, 11.72%, 4, 0, 5, 961.28, 355856, 5134
390, 0, 377, 430, 383, 119, 11.72%, 4, 0, 5, 922.34, 360392, 5134
395, 0, 377, 432, 385, 119, 11.72%, 4, 0, 5, 949.63, 366022, 5135
400, 0, 377, 432, 385, 119, 11.72%, 4, 0, 5, 989.96, 370824, 5135
405, 0, 377, 432, 385, 119, 11.72%, 4, 0, 5, 990.52, 375783, 5135
410, 0, 377, 432, 385, 119, 11.72%, 4, 0, 5, 925.14, 380384, 5135
415, 0, 433, 434, 385, 123, 11.73%, 4, 0, 5, 946.76, 385168, 5136
420, 0, 192, 434, 383, 121, 11.73%, 4, 0, 5, 918.64, 389514, 5136
425, 0, 317, 434, 380, 118, 11.73%, 4, 0, 5, 977.41, 394775, 5136
430, 0, 199, 434, 377, 115, 11.73%, 4, 0, 5, 969.72, 399773, 5136
435, 0, 368, 435, 375, 112, 11.73%, 4, 0, 5, 960.79, 404324, 5138
441, 0, 98, 435, 372, 110, 11.73%, 4, 0, 5, 980.35, 409453, 5138
446, 0, 428, 435, 370, 108, 11.73%, 4, 0, 5, 900.47, 413764, 5138
451, 0, 87, 435, 369, 107, 11.73%, 4, 0, 5, 879.20, 417970, 5138
456, 0, 42, 439, 370, 104, 11.74%, 4, 0, 5, 876.30, 423095, 5142
461, 0, 42, 442, 373, 104, 11.74%, 4, 0, 5, 835.98, 427251, 5143
466, 0, 42, 446, 377, 104, 11.75%, 5, 0, 5, 781.77, 431167, 5146
471, 0, 42, 446, 377, 104, 11.75%, 5, 0, 5, 799.68, 435352, 5146
476, 0, 42, 449, 380, 104, 11.75%, 5, 0, 5, 755.01, 439138, 5148
481, 0, 42, 450, 381, 104, 11.75%, 5, 0, 5, 812.79, 443088, 5148
486, 0, 42, 451, 382, 104, 11.75%, 5, 0, 5, 822.77, 447991, 5148
491, 0, 42, 452, 383, 104, 11.75%, 5, 0, 5, 758.66, 451699, 5148
497, 0, 42, 454, 385, 104, 11.75%, 5, 0, 5, 796.55, 455823, 5148
502, 0, 42, 454, 385, 104, 11.75%, 5, 0, 5, 799.30, 459828, 5148
507, 0, 42, 456, 387, 104, 11.76%, 5, 0, 5, 902.78, 464254, 5149
512, 0, 42, 456, 387, 104, 11.76%, 5, 0, 5, 956.75, 469244, 5149
517, 0, 179, 457, 387, 110, 11.76%, 6, 0, 5, 892.25, 473669, 5149
516, 0, 179, 457, 387, 110, 11.76%, 6, 0, 5, 0.00, 473746, 5149
522, 0, 352, 458, 386, 109, 11.76%, 6, 0, 5, 978.02, 478773, 5150
527, 0, 298, 458, 383, 106, 11.76%, 6, 0, 5, 982.41, 483478, 5150
532, 0, 16, 460, 384, 105, 11.76%, 6, 0, 5, 920.39, 488112, 5152
537, 0, 345, 462, 385, 107, 11.78%, 6, 0, 5, 897.02, 492505, 5161
542, 0, 48, 462, 382, 105, 11.78%, 6, 0, 5, 967.79, 497619, 5161
547, 0, 147, 462, 380, 103, 11.78%, 6, 0, 5, 969.19, 502235, 5161
552, 0, 171, 462, 377, 100, 11.78%, 6, 0, 5, 905.42, 507846, 5161
557, 0, 462, 463, 376, 99, 11.80%, 6, 0, 5, 727.97, 511604, 5167
562, 0, 462, 482, 395, 99, 11.83%, 6, 0, 5, 823.69, 515979, 5179
567, 0, 462, 482, 395, 99, 11.83%, 6, 0, 5, 801.98, 520011, 5179
572, 0, 462, 485, 398, 99, 11.84%, 6, 0, 5, 841.42, 524298, 5185
578, 0, 462, 486, 399, 99, 12.15%, 6, 0, 5, 736.43, 527490, 5323
583, 0, 462, 486, 399, 99, 12.15%, 6, 0, 5, 675.63, 531344, 5323
588, 0, 462, 486, 399, 99, 12.15%, 6, 0, 5, 694.65, 534997, 5323
593, 0, 462, 486, 399, 99, 12.15%, 6, 0, 5, 694.05, 538422, 5323
598, 0, 348, 487, 398, 104, 12.15%, 6, 0, 5, 798.31, 542296, 5323
603, 0, 459, 487, 396, 102, 12.15%, 6, 0, 5, 890.19, 546895, 5323
608, 0, 256, 487, 394, 100, 12.15%, 6, 0, 5, 763.41, 551168, 5323
613, 0, 354, 488, 393, 99, 12.16%, 6, 0, 5, 954.04, 556607, 5324
618, 0, 431, 488, 390, 96, 12.16%, 6, 0, 5, 935.48, 561237, 5324
623, 0, 9, 488, 389, 95, 12.16%, 6, 0, 5, 937.33, 565968, 5324
629, 0, 482, 488, 388, 94, 12.16%, 6, 0, 5, 315.61, 570584, 5324
634, 0, 402, 488, 386, 92, 12.16%, 6, 0, 5, 704.54, 574777, 5324
639, 0, 148, 488, 384, 90, 12.16%, 6, 0, 5, 912.29, 579647, 5324
644, 0, 355, 488, 382, 88, 12.16%, 6, 0, 5, 957.04, 584568, 5324
649, 0, 470, 488, 381, 87, 12.16%, 6, 0, 5, 905.09, 589160, 5324
654, 0, 421, 488, 379, 85, 12.16%, 6, 0, 5, 939.00, 593872, 5324
659, 0, 266, 488, 376, 82, 12.16%, 6, 0, 5, 964.04, 598921, 5324
664, 0, 335, 490, 375, 79, 12.16%, 6, 0, 5, 915.59, 603318, 5326
670, 0, 456, 491, 375, 80, 12.16%, 6, 0, 5, 921.53, 607987, 5326
675, 0, 143, 491, 372, 77, 12.16%, 6, 0, 5, 731.53, 612860, 5326
680, 0, 389, 491, 370, 75, 12.16%, 6, 0, 5, 899.56, 617678, 5326
685, 0, 121, 491, 367, 72, 12.16%, 6, 0, 5, 962.78, 622400, 5326
690, 0, 210, 491, 364, 69, 12.16%, 6, 0, 5, 921.45, 627142, 5326
695, 0, 39, 491, 362, 67, 12.16%, 6, 0, 5, 940.62, 631531, 5326
700, 0, 356, 492, 361, 65, 12.16%, 6, 0, 5, 956.57, 636394, 5327
705, 0, 190, 493, 359, 63, 12.16%, 6, 0, 5, 925.98, 641039, 5327
705, 0, 190, 493, 359, 63, 12.16%, 6, 0, 5, 0.00, 641494, 5327
710, 0, 430, 493, 357, 61, 12.16%, 6, 0, 5, 863.79, 645712, 5327
715, 0, 419, 493, 356, 60, 12.16%, 6, 0, 5, 839.81, 650077, 5327
720, 0, 336, 494, 355, 59, 12.16%, 6, 0, 5, 942.82, 655073, 5327
725, 0, 457, 494, 353, 57, 12.16%, 6, 0, 5, 959.40, 659857, 5327
731, 0, 65, 494, 349, 53, 12.16%, 6, 0, 5, 978.32, 664755, 5327
734, 0, 434, 494, 348, 52, 12.16%, 6, 0, 5, 964.46, 667673, 5327
